<?xml version="1.0" encoding="UTF-8" standalone="no"?>
<!DOCTYPE svg PUBLIC "-//W3C//DTD SVG 20010904//EN"
              "http://www.w3.org/TR/2001/REC-SVG-20010904/DTD/svg10.dtd">

<svg xmlns="http://www.w3.org/2000/svg"
     width="1.36667in" height="1.33333in"
     viewBox="0 0 123 120">
  <path id="Imported Path"
        fill="none" stroke="black" stroke-width="1"
        d="M 65.24,26.95
           C 65.24,26.95 65.24,27.23 65.24,27.56
             65.24,27.89 67.20,28.43 69.56,29.04
             72.51,29.81 75.24,30.90 77.77,32.32
             79.41,33.27 80.88,34.91 80.88,37.51
             80.88,40.80 78.29,43.30 75.00,43.30
             73.97,43.30 72.93,43.04 71.98,42.53
             70.81,41.90 69.64,41.33 68.48,40.84
             66.50,40.01 64.81,41.56 64.81,44.00
             64.81,44.00 64.81,48.32 64.81,48.32
             64.81,50.76 66.73,53.22 69.03,54.03
             79.15,57.57 83.56,62.75 83.56,71.33
             83.56,79.67 78.05,85.45 69.58,87.67
             67.22,88.29 65.24,89.49 65.24,90.76
             65.24,90.76 65.24,93.05 65.24,93.05
             65.24,95.56 63.25,97.54 60.75,97.54
             58.24,97.54 56.26,95.56 56.26,93.05
             56.26,93.05 56.26,92.00 56.26,90.71
             56.26,89.42 54.29,88.15 51.92,87.58
             47.39,86.51 43.11,84.69 39.23,82.32
             37.42,81.19 36.30,79.46 36.30,77.13
             36.30,73.75 38.89,71.24 42.26,71.24
             43.38,71.24 44.59,71.68 45.63,72.37
             47.92,73.84 50.14,75.04 52.47,75.94
             54.74,76.83 56.69,75.24 56.69,72.80
             56.69,72.80 56.69,67.87 56.69,67.87
             56.69,65.43 54.77,62.97 52.47,62.17
             42.85,58.86 38.11,54.09 38.11,45.03
             38.11,36.84 43.48,30.96 51.92,28.76
             54.27,28.15 56.25,27.75 56.25,27.47
             56.25,27.47 56.25,26.95 56.25,26.95
             56.25,24.44 58.24,22.45 60.75,22.45
             63.25,22.45 65.24,24.45 65.24,26.95 Z
           M 56.69,46.07
           C 56.69,46.07 56.69,43.22 56.69,43.22
             56.69,40.78 54.53,38.85 52.60,40.33
             51.32,41.32 50.72,42.67 50.72,44.26
             50.72,45.95 51.21,47.30 52.76,48.50
             54.69,49.99 56.69,48.51 56.69,46.07 Z
           M 64.81,70.04
           C 64.81,70.04 64.81,73.23 64.81,73.23
             64.81,75.67 66.95,77.60 68.92,76.17
             70.26,75.20 70.94,73.81 70.94,72.03
             70.94,70.22 70.35,68.80 68.74,67.58
             66.80,66.11 64.81,67.60 64.81,70.04 Z
           M 59.93,120.00
           C 26.88,120.00 0.00,93.09 0.00,60.00
             0.00,26.91 26.88,0.00 59.93,0.00
             92.97,0.00 119.85,26.92 119.85,60.00
             119.85,93.08 92.97,120.00 59.93,120.00 Z
           M 59.93,15.46
           C 35.40,15.46 15.44,35.44 15.44,60.00
             15.44,84.56 35.40,104.54 59.93,104.54
             84.45,104.54 104.41,84.56 104.41,60.00
             104.41,35.44 84.45,15.46 59.93,15.46 Z" />
</svg>
