<?xml version="1.0" encoding="UTF-8" standalone="no"?>
<!DOCTYPE svg PUBLIC "-//W3C//DTD SVG 20010904//EN"
              "http://www.w3.org/TR/2001/REC-SVG-20010904/DTD/svg10.dtd">

<svg xmlns="http://www.w3.org/2000/svg"
     width="1.33333in" height="1.33333in"
     viewBox="0 0 120 120">
  <path id="Imported Path"
        fill="none" stroke="black" stroke-width="1"
        d="M 65.19,60.07
           C 65.19,60.07 65.19,34.92 65.19,34.92
             65.19,32.12 62.92,29.84 60.11,29.84
             57.30,29.84 55.03,32.12 55.03,34.92
             55.03,34.92 55.03,61.70 55.03,61.70
             55.03,61.78 55.05,61.85 55.05,61.93
             54.98,63.31 55.46,64.72 56.52,65.77
             56.52,65.77 75.45,84.70 75.45,84.70
             77.43,86.69 80.65,86.69 82.64,84.70
             84.62,82.72 84.62,79.50 82.64,77.51
             82.64,77.51 65.19,60.07 65.19,60.07 Z
           M 60.00,0.00
           C 26.92,0.00 0.00,26.92 0.00,60.00
             0.00,93.08 26.92,120.00 60.00,120.00
             93.08,120.00 120.00,93.08 120.00,60.00
             120.00,26.92 93.08,0.00 60.00,0.00 Z
           M 60.00,106.88
           C 34.15,106.88 13.11,85.85 13.11,60.00
             13.11,34.15 34.15,13.11 60.00,13.11
             85.85,13.11 106.88,34.15 106.88,60.00
             106.88,85.85 85.85,106.88 60.00,106.88 Z" />
</svg>
