<?xml version="1.0" encoding="UTF-8" standalone="no"?>
<!DOCTYPE svg PUBLIC "-//W3C//DTD SVG 20010904//EN"
              "http://www.w3.org/TR/2001/REC-SVG-20010904/DTD/svg10.dtd">

<svg xmlns="http://www.w3.org/2000/svg"
     width="1.11111in" height="1.11111in"
     viewBox="0 0 100 100">
  <path id="Imported Path"
        fill="none" stroke="black" stroke-width="1"
        d="M 97.78,6.36
           C 97.78,6.36 72.68,0.09 72.68,0.09
             72.44,0.03 72.21,0.00 71.97,0.00
             71.97,0.00 65.69,0.00 65.69,0.00
             65.69,0.00 34.31,0.00 34.31,0.00
             34.31,0.00 28.03,0.00 28.03,0.00
             27.79,0.00 27.56,0.03 27.32,0.09
             27.32,0.09 2.22,6.36 2.22,6.36
             0.92,6.69 0.00,7.86 0.00,9.21
             0.00,9.21 0.00,34.31 0.00,34.31
             0.00,35.93 1.31,37.24 2.93,37.24
             2.93,37.24 18.83,37.24 18.83,37.24
             18.83,37.24 18.83,97.07 18.83,97.07
             18.83,98.69 20.14,100.00 21.76,100.00
             21.76,100.00 78.24,100.00 78.24,100.00
             79.86,100.00 81.17,98.69 81.17,97.07
             81.17,97.07 81.17,37.24 81.17,37.24
             81.17,37.24 97.07,37.24 97.07,37.24
             98.69,37.24 100.00,35.93 100.00,34.31
             100.00,34.31 100.00,9.21 100.00,9.21
             100.00,7.86 99.09,6.69 97.78,6.36 Z
           M 37.24,5.86
           C 37.24,5.86 62.76,5.86 62.76,5.86
             62.76,5.86 62.76,9.21 62.76,9.21
             62.76,16.24 57.04,21.97 50.00,21.97
             42.96,21.97 37.24,16.24 37.24,9.21
             37.24,9.21 37.24,5.86 37.24,5.86 Z
           M 94.14,31.38
           C 94.14,31.38 78.24,31.38 78.24,31.38
             76.62,31.38 75.31,32.69 75.31,34.31
             75.31,34.31 75.31,94.14 75.31,94.14
             75.31,94.14 24.69,94.14 24.69,94.14
             24.69,94.14 24.69,34.31 24.69,34.31
             24.69,32.69 23.38,31.38 21.76,31.38
             21.76,31.38 5.86,31.38 5.86,31.38
             5.86,31.38 5.86,11.49 5.86,11.49
             5.86,11.49 28.39,5.86 28.39,5.86
             28.39,5.86 31.38,5.86 31.38,5.86
             31.38,5.86 31.38,9.21 31.38,9.21
             31.38,19.47 39.73,27.83 50.00,27.83
             60.27,27.83 68.62,19.47 68.62,9.21
             68.62,9.21 68.62,5.86 68.62,5.86
             68.62,5.86 71.61,5.86 71.61,5.86
             71.61,5.86 94.14,11.49 94.14,11.49
             94.14,11.49 94.14,31.38 94.14,31.38 Z" />
</svg>
